#== Burger Time level with the 'BURGER TIME FORMAT' by Joren De Braeckeleer ==#
#Level 1
i 1 1 1 1 3 3 3 4 3 4 0 4 4 0 0 0
l 100 200 100 209 100 209 100 209 100
l 710 260 710 810 710 260 710 260 710
l 110 209 110 810 110 209 110 209 110
l 160 810 110 210 110 810 710 260 710
l 100 219 110 260 710 810 110 209 110
l 710 810 110 209 110 219 110 810 160
l 710 810 710 260 710 260 110 219 100
l 110 219 110 209 110 200 110 810 710
l 710 260 710 260 710 260 710 810 710
l 110 209 110 209 110 209 110 210 110
l 160 260 160 260 160 260 160 260 160
l 160 260 160 260 160 260 160 260 160
l 304 300 305 300 305 300 305 300 306