#== Burger Time level with the 'BURGER TIME FORMAT' by Joren De Braeckeleer ==#
#Level 5
i 1 1 5 5 3 4 4 3 3 4 4 5 5 3 0 0
l 100 200 100 209 100 209 100 200 100
l 110 200 100 209 100 209 100 210 110
l 100 200 100 209 110 209 110 810 710
l 110 200 100 209 100 209 100 810 710
l 110 200 100 209 100 209 110 210 110
l 110 200 110 209 100 209 100 810 710
l 110 200 100 209 100 209 110 810 710
l 110 200 100 209 100 209 110 810 710
l 710 260 160 260 160 260 100 210 110
l 710 260 160 260 160 260 710 260 710
l 710 260 160 260 160 260 710 260 710
l 110 260 160 260 160 260 110 200 110
l 160 260 304 300 305 300 306 260 160
p 7 12