#== Burger Time level with the 'BURGER TIME FORMAT' by Joren De Braeckeleer ==#
#Level 2
i 1 1 1 1 3 2 2 3 3 2 0 0 2 3 0 0
l 100 209 100 209 100 209 100 209 100
l 110 219 110 219 110 810 710 810 710
l 110 219 110 810 110 210 110 219 110
l 710 810 110 219 110 810 110 219 110
l 110 219 110 200 110 210 110 219 110
l 160 260 160 810 110 219 100 260 160
l 160 260 100 210 110 810 160 260 160
l 160 260 160 810 110 219 100 260 160
l 160 260 100 219 110 219 100 260 160
l 304 300 306 260 710 260 304 300 306
l 160 260 160 260 110 260 160 260 160
l 160 260 160 260 160 260 160 260 160
l 160 260 304 300 305 300 306 260 160
p 5 11