#== Burger Time level with the 'BURGER TIME FORMAT' by Joren De Braeckeleer ==#
#Level 3
i 1 1 1 1 5 4 4 5 0 0 0 0 1 1 5 4 0 0
l 100 209 100 209 100 209 100 209 100
l 110 200 110 219 100 219 100 200 110
l 110 209 110 200 110 260 110 209 110
l 110 209 100 219 110 209 110 209 110
l 160 260 110 810 110 210 110 260 160
l 160 260 110 210 110 200 110 260 160
l 304 300 116 260 160 260 114 300 306
l 100 209 110 260 160 260 110 209 100
l 110 219 110 260 160 260 110 209 110
l 110 219 114 300 305 300 116 219 110
l 160 260 110 200 100 200 110 260 160
l 160 260 110 210 110 210 110 260 160
l 304 300 306 260 160 260 304 300 306