#== Burger Time level with the 'BURGER TIME FORMAT' by Joren De Braeckeleer ==#
#Level 6
i 1 1 1 1 2 4 2 2 4 2 4 2 2 0 4 0 0 0
l 160 260 100 209 100 260 100 209 100
l 100 209 110 810 100 209 110 260 160
l 160 260 110 219 100 810 100 209 100
l 100 209 110 810 110 219 110 260 160
l 160 260 100 219 110 260 110 209 100
l 100 209 110 260 110 209 110 260 160
l 160 260 110 209 100 810 100 209 100
l 100 200 110 810 110 219 110 260 160
l 160 260 100 219 100 810 110 200 100
l 100 209 110 260 110 219 110 260 160
l 160 260 160 260 160 260 160 260 160
l 160 260 160 260 160 260 160 260 160
l 304 300 305 300 305 300 305 300 306
p 5 10