#== Burger Time level with the 'BURGER TIME FORMAT' by Joren De Braeckeleer ==#
#Level 4
i 1 1 1 1 2 3 5 2 5 5 3 3 3 4 5 4 4 5 4 5 3 2 2 3 5 3 3 5 0 0 0 0
l 100 209 100 209 100 209 100 209 100
l 110 209 110 209 110 209 110 209 110
l 100 219 100 219 100 219 100 219 100
l 110 209 110 209 110 209 110 209 110
l 100 219 100 219 110 219 100 219 100
l 110 209 110 209 110 209 110 209 110
l 110 219 100 219 100 219 100 219 110
l 110 209 110 209 110 209 110 209 110
l 160 260 160 260 160 260 160 260 160
l 160 260 160 260 160 260 160 260 160
l 160 260 160 260 160 260 160 260 160
l 160 260 160 260 160 260 160 260 160
l 304 300 305 300 305 300 305 300 306
p 5 8